001162635
001292688
001293177
001293393
001429729
001430893
001433760
001569682
001569863
001572802
001577167
001577265
001718059
001718071
001720670
001721911
001866535
001867358
001870952
001871815
001873523
001995168
001995305
001996399
001996728
002012731
002142372
002142451
002157356
002161536
002162907
002163610
002166547
002167693
002282712
002284919
002299892
002300039
002302997
002305283
002309152
002423549
002424688
002435893
002439250
002441562
002441891
002442004
002442084
002443935
002446934
002447737
002449101
002451529
002554730
002555523
002556650
002557350
002557669
002570846
002574201
002574427
002575433
002581298
002692772
002693045
002695622
002695885
002707091
002713086
002713304
002714000
002718935
002721113
002831957
002832398
002832720
002834075
002834564
002834612
002834637
002834778
002835393
002836098
002837046
002837405
002847357
002849894
002859114
002861126
002969839
002970823
002971272
002973361
002973386
002973500
002983661
002986833
002988458
002991497
002998208
003096944
003099491
003099533
003099900
003101007
003101838
003102171
003102763
003103172
003103752
003109945
003111995
003116544
003119525
003120913
003130391
003216700
003218997
003219400
003220581
003220742
003221339
003228276
003231403
003232393
003233853
003235567
003322943
003327092
003328254
003328483
003328643
003329985
003335194
003344220
003346467
003353108
003353205
003425850
003426250
003426367
003426874
003429161
003432286
003439791
003443137
003444822
003446366
003454793
003456560
003457861
003525746
003525783
003527038
003527088
003527308
003528588
003530826
003531121
003531176
003532922
003533437
003534089
003539770
003540472
003542117
003545291
003547906
003550668
003554849
003556242
003558162
003558789
003626713
003627704
003628991
003631844
003632783
003634308
003634402
003640527
003642335
003642851
003648376
003658066
003658619
003658781
003659811
003660458
003727538
003727878
003729528
003729847
003730371
003730841
003731110
003731432
003732192
003732401
003732804
003733158
003733753
003745742
003748172
003748918
003757251
003757788
003758197
003760677
003762903
003765134
003830820
003831534
003831911
003832427
003832957
003835071
003836257
003837507
003837858
003838294
003839850
003842480
003852064
003866232
003868940
003934090
003934593
003934755
003934861
003935499
003935942
003936621
003938241
003938944
003939546
003940372
003941415
003946894
003947074
003951599
003952447
003954217
003955879
003955891
003955963
003956389
003957292
003962433
003965229
003966704
003968552
003969563
003974804
004036313
004037164
004037849
004038439
004043862
004044678
004049158
004055820
004060347
004060965
004061149
004067894
004068018
004068727
004074068
004077867
004078900
004135605
004137187
004137343
004139235
004139476
004140528
004140749
004141950
004143184
004143926
004149014
004155840
004159885
004164310
004164424
004172805
004173466
004175517
004181240
004181245
004242514
004242943
004243354
004246255
004247370
004249500
004249538
004253385
004254223
004255219
004255379
004262814
004264634
004265815
004269448
004270441
004272610
004273882
004275230
004275681
004277598
004279048
004280515
004280967
004281425
004283965
004346765
004346809
004349469
004349785
004355120
004355503
004356597
004357520
004364717
004366173
004367215
004367318
004370853
004375359
004377055
004378621
004381324
004383431
004386137
004443489
004446088
004446105
004448009
004454364
004458155
004465957
004471741
004473355
004473475
004474292
004476546
004482203
004488006
004489051
004540508
004543236
004543237
004543884
004544623
004544639
004544783
004545041
004545209
004545964
004546642
004547380
004547416
004551429
004553205
004554367
004555523
004562228
004562244
004566277
004569115
004571091
004575141
004581344
004633585
004633631
004637507
004639615
004640084
004641097
004644320
004645733
004647381
004648234
004651273
004660255
004662431
004669977
004670415
004672900
004673366
004680642
004680677
004725531
004725681
004725734
004726192
004726552
004728952
004729962
004731525
004732250
004732983
004735754
004735815
004736554
004737129
004738451
004739885
004740044
004741455
004743065
004743351
004751044
004752465
004754115
004755441
004756732
004758595
004758926
004758956
004764652
004768944
004770707
004813925
004814229
004818089
004818671
004818821
004819512
004819766
004820222
004821787
004824868
004825739
004827161
004831331
004832355
004832572
004833367
004839493
004840079
004844804
004848532
004850610
004861287
004863874
004864391
004902806
004904416
004904469
004908089
004908565
004909186
004913852
004914737
004915749
004917139
004918154
004921143
004931188
004931385
004932287
004932675
004936334
004939265
004939621
004941223
004946483
004949012
004951466
004951915
004953282
004989298
004990711
004990862
004991026
004991533
004992056
004994641
004995581
004997179
004999583
005000970
005005406
005009036
005016904
005019722
005035870
005041192
005077534
005077615
005077889
005078917
005079348
005080636
005083330
005083480
005083679
005087108
005087223
005093980
005095098
005096204
005096924
005108451
005108769
005110817
005110832
005112157
005122859
005123682
005124735
005125261
005125745
005164701
005165872
005168614
005168677
005174655
005175065
005175240
005177193
005180528
005182317
005182822
005184209
005184487
005184740
005185309
005185509
005193112
005200198
005200500
005201711
005207289
005210507
005211083
005211598
005212855
005219067
005252367
005253697
005253844
005254831
005255412
005255954
005256612
005256645
005262561
005262580
005262820
005263823
005265188
005266117
005266549
005268680
005268696
005268904
005273487
005285707
005286398
005287939
005288534
005295082
005297821
005298911
005299281
005300023
005304146
005340107
005341486
005341573
005341666
005341795
005342009
005342922
005344105
005344350
005344559
005344859
005350780
005351320
005353137
005353335
005353938
005354075
005357504
005358843
005359490
005360129
005360976
005364071
005377130
005384707
005386327
005427241
005428088
005428199
005428605
005428929
005430181
005430495
005435923
005435958
005436555
005437354
005437459
005438291
005438886
005439433
005439836
005441012
005445367
005459288
005459593
005461759
005466017
005471468
005472185
005513769
005513833
005513852
005514976
005515000
005515133
005515142
005515149
005515259
005516027
005516671
005516985
005520896
005522034
005524341
005524498
005526021
005526484
005527289
005529047
005531953
005534656
005535860
005536822
005537064
005541914
005543652
005547013
005551672
005564492
005596422
005597695
005599675
005600763
005600992
005601258
005602174
005602310
005603484
005607251
005607395
005608002
005608021
005610323
005611092
005612776
005615394
005616280
005616494
005620587
005621528
005632313
005645052
005648509
005649085
005682522
005682876
005684429
005684887
005685165
005685559
005685704
005687033
005688790
005693289
005693298
005695153
005695850
005695904
005696316
005696918
005697553
005699934
005702483
005708923
005709193
005709283
005716073
005717253
005717765
005727611
005738209
005738346
005769095
005769943
005771150
005772694
005774607
005775242
005779615
005783802
005785346
005785688
005785806
005785926
005794240
005803144
005809175
005812016
005818042
005818116
005820218
005853070
005853849
005854592
005855096
005855808
005855851
005856173
005856480
005858361
005859124
005859306
005859365
005859447
005859744
005867094
005867742
005868814
005869314
005870587
005871918
005873644
005879323
005879661
005880374
005887519
005892011
005894341
005895919
005900600
005904275
005937213
005937264
005937488
005938311
005938531
005938905
005938981
005939661
005939790
005940100
005941047
005941130
005941226
005941354
005942891
005943889
005943981
005944592
005944764
005946806
005949548
005950024
005950611
005950779
005951140
005952378
005953138
005953294
005953947
005954017
005954552
005956142
005956957
005957181
005960066
005962956
005964598
005965747
005966302
005977899
005977935
005987444
005987757
006019923
006019999
006020256
006020313
006020355
006020532
006020691
006021570
006023859
006026814
006029053
006029542
006032373
006032666
006032907
006034587
006036286
006037009
006038568
006038882
006041761
006044117
006047628
006047929
006048655
006060042
006060845
006062306
006072268
006099785
006100168
006102091
006102338
006102845
006103125
006103862
006104110
006105433
006105994
006106112
006106282
006107171
006107421
006110166
006115083
006117486
006117832
006119211
006122790
006123830
006124132
006125019
006125059
006141125
006147224
006147617
006147712
006149553
006150943
006153404
006181143
006181204
006181526
006181761
006182508
006183511
006183672
006183736
006183859
006183971
006184059
006185976
006186082
006186085
006186107
006186614
006186738
006186964
006187322
006187942
006188126
006191317
006192309
006196918
006200401
006205405
006207046
006211203
006212599
006220038
006221260
006224062
006224166
006230812
006234199
006263060
006266639
006267461
006267749
006268673
006268802
006268982
006271033
006271120
006271549
006272526
006272732
006276708
006278265
006279639
006280503
006286961
006290811
006301976
006306891
006310092
006310107
006311620
006342520
006343069
006343410
006344749
006345048
006345159
006345207
006345362
006347434
006347864
006352355
006352901
006356144
006358735
006362190
006363125
006363233
006363613
006366330
006366377
006366739
006370174
006371999
006372136
006382217
006385060
006420895
006421689
006422953
006423086
006423563
006424011
006424033
006424516
006424725
006425928
006425989
006429680
006430816
006431171
006431989
006432467
006435936
006442045
006447455
006448449
006451717
006452389
006464396
006466436
006467894
006469920
006470362
006497141
006497146
006500181
006501347
006502294
006502475
006503104
006503950
006504035
006504214
006504736
006504812
006505156
006507276
006507888
006508710
006508734
006508924
006509710
006510539
006515466
006521399
006526930
006527283
006529445
006530792
006531981
006541829
006543547
006546675
006551473
006579761
006579884
006583177
006584163
006584500
006585067
006585895
006586079
006590048
006590263
006592335
006593856
006600771
006605492
006607612
006607660
006609270
006609906
006610837
006611875
006614383
006620003
006631337
006664639
006664748
006664904
006666139
006666233
006666347
006668646
006669028
006669108
006670624
006671365
006671587
006671727
006672948
006675516
006676217
006678515
006678623
006679295
006690942
006691349
006692320
006693042
006694166
006696016
006696674
006699367
006700873
006704613
006715960
006718482
006720765
006721658
006750866
006751156
006751411
006751520
006751891
006752213
006752578
006752937
006757167
006758299
006758989
006761974
006762124
006762389
006763067
006763092
006765143
006766663
006767424
006768217
006773862
006775103
006776936
006779927
006782009
006782860
006792288
006803306
006803524
006803555
006805049
006806125
006836624
006836884
006837702
006838113
006838434
006839317
006843766
006846346
006846570
006847482
006848842
006849112
006850818
006860138
006860837
006862296
006862901
006863158
006863726
006864891
006866518
006867971
006877599
006878738
006881138
006888521
006921817
006921821
006922010
006922183
006923830
006923995
006927938
006928206
006928830
006934004
006936046
006937405
006937713
006937828
006938077
006940654
006945041
006947459
006947600
006947858
006949105
006949326
006949412
006950440
006952833
006954041
006964982
006977064
007007218
007007761
007008589
007009163
007013317
007013335
007013926
007014297
007014844
007014972
007018161
007018323
007019844
007020381
007021681
007022137
007022432
007022598
007025006
007026202
007031430
007031948
007032946
007033830
007035373
007037101
007037895
007038372
007046921
007047750
007048090
007050907
007060218
007090779
007091649
007091787
007092051
007093299
007093688
007094109
007094486
007094638
007100573
007102500
007103120
007103501
007104554
007104739
007105834
007106306
007108212
007110077
007117293
007117506
007117688
007118061
007118116
007121852
007125880
007130612
007133235
007137132
007137883
007173174
007173783
007174385
007174642
007175696
007177589
007180592
007180634
007180925
007184587
007184868
007185487
007188183
007190458
007190459
007191311
007191467
007191610
007192199
007199756
007200148
007200463
007202953
007205520
007212779
007214801
007214825
007215507
007215609
007215965
007254671
007254750
007255000
007255169
007255871
007258939
007259477
007259996
007260073
007260086
007264900
007265373
007268738
007268807
007269729
007269798
007270844
007272220
007272291
007272373
007272575
007273833
007282078
007282613
007282705
007283365
007284481
007289257
007292375
007294746
007298163
007298281
007300322
007300506
007303973
007304449
007335104
007335603
007335857
007336315
007336414
007337164
007337334
007337588
007337770
007338033
007339137
007340174
007340288
007341215
007345195
007345907
007347932
007349014
007350067
007351437
007351907
007352892
007357788
007357924
007364389
007365833
007367064
007367141
007367336
007367431
007368642
007374699
007377223
007377872
007378061
007379420
007381727
007382228
007385913
007417788
007418013
007418796
007418897
007419170
007419248
007420221
007422278
007422811
007426706
007426780
007429786
007430058
007430997
007431659
007434110
007438997
007445605
007448057
007449695
007450997
007451448
007455287
007456036
007456662
007460575
007466105
007499836
007499943
007500850
007501618
007503734
007504049
007504202
007504551
007506298
007509281
007510742
007510767
007512128
007513242
007515543
007516478
007521445
007523705
007523710
007532381
007534455
007539013
007539346
007542314
007542911
007543006
007546105
007547969
007548531
007548914
007549171
007549594
007581219
007581487
007581869
007582511
007582691
007583116
007583577
007583798
007584332
007584747
007584817
007585442
007587725
007588024
007590933
007592133
007592990
007593749
007596706
007602508
007603569
007605600
007609819
007612968
007613448
007620399
007620560
007621019
007622850
007625890
007626388
007658920
007659172
007659417
007659543
007659614
007659667
007660117
007660181
007661117
007661314
007661851
007662697
007664406
007670700
007671030
007671594
007672690
007673428
007676756
007676799
007676949
007678417
007680165
007680819
007684686
007686474
007693403
007708454
007728826
007729309
007729557
007729558
007730209
007730659
007730872
007731089
007731163
007731334
007731963
007732242
007732797
007733540
007734216
007734325
007734775
007734893
007739468
007740983
007741801
007741987
007742097
007742951
007743830
007744122
007747368
007749381
007749498
007751342
007751487
007755975
007757418
007761860
007762426
007770831
007771186
007772757
007773724
007797516
007797630
007799432
007800087
007801569
007802933
007803692
007804024
007807873
007807888
007807971
007808028
007809108
007809312
007809715
007809755
007810653
007811438
007812368
007813530
007816331
007817489
007819643
007820946
007830019
007830341
007836428
007840820
007840840
007847566
007849619
007867585
007867964
007868756
007868967
007870211
007870390
007871438
007871442
007871986
007872997
007875008
007875011
007877209
007877270
007878428
007880206
007880466
007881278
007882229
007882472
007884347
007887160
007889173
007890694
007891030
007898781
007900436
007907423
007907712
007936514
007936874
007937153
007938239
007938615
007938787
007938883
007939565
007940020
007941412
007944721
007946626
007949266
007949663
007949846
007950450
007951019
007951063
007954192
007954195
007954276
007958062
007960606
007967416
007973675
007976273
007976805
007988823
007988894
008004730
008004876
008005405
008006220
008007234
008007621
008007910
008008320
008008547
008008646
008009549
008010330
008012943
008013517
008016887
008017291
008018340
008022522
008022889
008025611
008028923
008035000
008046690
008046850
008052511
008057610
008073612
008073648
008074386
008074803
008075991
008076470
008077356
008078638
008078875
008082910
008085076
008085465
008086398
008086878
008087195
008087274
008088272
008090928
008093473
008093813
008094234
008095972
008097851
008098178
008098228
008107822
008107903
008110870
008111203
008114225
008119884
008120608
008125217
008142993
008143903
008144291
008144788
008145190
008149401
008149616
008149782
008150479
008151009
008153154
008153528
008154277
008155169
008158164
008158579
008161771
008161989
008162250
008162585
008167223
008167996
008168452
008172915
008173309
008180253
008183277
008183594
008189555
008189801
008191015
008191181
008191404
008194410
008210318
008210323
008212368
008212592
008213936
008217154
008217295
008218687
008219352
008221528
008221788
008222407
008222581
008226440
008228868
008229458
008230829
008233490
008233795
008233951
008234226
008235487
008235654
008235924
008236202
008240269
008240872
008241781
008242064
008245390
008248415
008249268
008255523
008256040
008256511
008257134
008258140
008258370
008277365
008278285
008278444
008278973
008279274
008279651
008280113
008280599
008283025
008283487
008284382
008284959
008288674
008288684
008289274
008289460
008289464
008292445
008292510
008292758
008293258
008293417
008294051
008295380
008295781
008296121
008297629
008299093
008301588
008302555
008310086
008323398
008323645
008325962
008331192
008343567
008343785
008344814
008345627
008346392
008350261
008351396
008351704
008356004
008362005
008363450
008363726
008364600
008364723
008365200
008367644
008370394
008373723
008375488
008377279
008377714
008377909
008378913
008379592
008380342
008381383
008382212
008382508
008386382
008387903
008388857
008388971
008393988
008397325
008398221
008409260
008409502
008409571
008409924
008410234
008414029
008414123
008414216
008414250
008415004
008415119
008415336
008415661
008415867
008416220
008416395
008416446
008416796
008417053
008418317
008421018
008421129
008423344
008423373
008423600
008424687
008425062
008426468
008426659
008428104
008428347
008429330
008429717
008435582
008443074
008444017
008444286
008447096
008452125
008454353
008454832
008455095
008455430
008459697
008460153
008461241
008461492
008474262
008474323
008474661
008474897
008475062
008475411
008475756
008476114
008479326
008480439
008482515
008483557
008487329
008487692
008489251
008489264
008491142
008494510
008495043
008495131
008495528
008495823
008499971
008500111
008500364
008500755
008505930
008506486
008507576
008509442
008510500
008516922
008519743
008521933
008524452
008525400
008525939
008539041
008539673
008544002
008544280
008544723
008544884
008545145
008546136
008546464
008546714
008547278
008547947
008548052
008548410
008552180
008552941
008553152
008554218
008556261
008558589
008560092
008560657
008560763
008561100
008561706
008563995
008564323
008565204
008565914
008572066
008573021
008574569
008581480
008583756
008584844
008588590
008588806
008604363
008604803
008605188
008607535
008609288
008609534
008609873
008610368
008611277
008611876
008612060
008619216
008621656
008621836
008623753
008631751
008638911
008644565
008647852
008648934
008652639
008655334
008655619
008669203
008672162
008672278
008673358
008674230
008674658
008676171
008676604
008678005
008678480
008681527
008682045
008682243
008683640
008685007
008687186
008687524
008687664
008693168
008694451
008695262
008701179
008708957
008709982
008712146
008712404
008712608
008712875
008714580
008716714
008719129
008733659
008733834
008733898
008735884
008736693
008737443
008738091
008739070
008739258
008739426
008740221
008741649
008742742
008746355
008747795
008747972
008748150
008748552
008749608
008749769
008753991
008754034
008759399
008761464
008761563
008766172
008771391
008772010
008774246
008776565
008776824
008777235
008777579
008780122
008780274
008781683
008798673
008801244
008801919
008803071
008803974
008804018
008804147
008806863
008807085
008807787
008811972
008813259
008814775
008815598
008822213
008822710
008823360
008823426
008823902
008824141
008824158
008825951
008827428
008832676
008836388
008838894
008839656
008839947
008840759
008843975
008845205
008867609
008872874
008873575
008873629
008874022
008878433
008878564
008881126
008881243
008882315
008884427
008889176
008890150
008890947
008891970
008892000
008895062
008903221
008906418
008908171
008908779
008909833
008909853
008909876
008912241
008912338
008914233
008914727
008933532
008933586
008934022
008934468
008935605
008935942
008936312
008936920
008937178
008939965
008940165
008940432
008940442
008940708
008941398
008943203
008946785
008946916
008947255
008949316
008952097
008956929
008957803
008960906
008961162
008961672
008962137
008964399
008973305
008977910
009002074
009004472
009004474
009004502
009004724
009005449
009007577
009008142
009008321
009008966
009009213
009012034
009012329
009015810
009017693
009019246
009019435
009020510
009022001
009024907
009025169
009026015
009026334
009028977
009030712
009031452
009041163
009041966
009050287
009054537
009071037
009071421
009071446
009073724
009074629
009075708
009075931
009075982
009076474
009076928
009077376
009077796
009080444
009080730
009080851
009083354
009084486
009085112
009086543
009088379
009091897
009092374
009092592
009093501
009093763
009094000
009099811
009107656
009107723
009111293
009111372
009112164
009117378
009118518
009118677
009119391
009136993
009137385
009137795
009138149
009138373
009138406
009139169
009141097
009141177
009141571
009142334
009142641
009142714
009142931
009143370
009146935
009150879
009151070
009151921
009153593
009156957
009157515
009159060
009160884
009161260
009161330
009164055
009166044
009173561
009176383
009178867
009179906
009182756
009201819
009201919
009202060
009202076
009202151
009202152
009202551
009203794
009204748
009204867
009205855
009206253
009207124
009210374
009214183
009216075
009216811
009220811
009221091
009222296
009224514
009227410
009229509
009229798
009230046
009245465
009264637
009265122
009265282
009265422
009265808
009265875
009266397
009266689
009267275
009267818
009267857
009268481
009269155
009269157
009270182
009270223
009274466
009278258
009279516
009279980
009282203
009283820
009284403
009289250
009289916
009290256
009291325
009301392
009305907
009306035
009326073
009326184
009326466
009326586
009326593
009327921
009328136
009328653
009329032
009329586
009330426
009330545
009333505
009334410
009335072
009335114
009335198
009339468
009340260
009340663
009346063
009347204
009347525
009347854
009349106
009357375
009365185
009388479
009388780
009389594
009389847
009390653
009391230
009392729
009395205
009395840
009396164
009397642
009397683
009398220
009398233
009401110
009401571
009401964
009402036
009402390
009405445
009406887
009406987
009407162
009407581
009409380
009409524
009410126
009410731
009410761
009410787
009410799
009410888
009411171
009411227
009412445
009412931
009414077
009414088
009418133
009419020
009419288
009419545
009425635
009426508
009427402
009428095
009429343
009446564
009446620
009446789
009446945
009447298
009450368
009450768
009450804
009451669
009452148
009452233
009455181
009455236
009455756
009457739
009459441
009462919
009463060
009463387
009467899
009467900
009468853
009468935
009469856
009470187
009470852
009471262
009471280
009471308
009472204
009472436
009472906
009473985
009475513
009475515
009479539
009481758
009488191
009508400
009508744
009508832
009508904
009508974
009509546
009509579
009512162
009512360
009513939
009514298
009514424
009515011
009519001
009519275
009519915
009520539
009520546
009520806
009521795
009528391
009529435
009530511
009530886
009531003
009531117
009531271
009531389
009532112
009532400
009532480
009532642
009532760
009532842
009533142
009533171
009533369
009533533
009533653
009533694
009533770
009534999
009539482
009543852
009569124
009569210
009570058
009573366
009573367
009573685
009574706
009575305
009575662
009575728
009575777
009576005
009578043
009578520
009579384
009579672
009580721
009580782
009580891
009581424
009581740
009581885
009582382
009582827
009583357
009583871
009588514
009588880
009589235
009590249
009593457
009593558
009593572
009594337
009595147
009595239
009595808
009596094
009596243
009596434
009596620
009597704
009601825
009601977
009602658
009603175
009605552
009605603
009605714
009605729
009605900
009606004
009606758
009606822
009612252
009630715
009631319
009631366
009631548
009631940
009632267
009632532
009636406
009636601
009636614
009636761
009636945
009637036
009640017
009640579
009641763
009642328
009642890
009643210
009643776
009644345
009644681
009644914
009645092
009652284
009652694
009653430
009654518
009654976
009655054
009655495
009655728
009655904
009656551
009657102
009659036
009659187
009661885
009662061
009663013
009666454
009666798
009691776
009691927
009691974
009692206
009693360
009693387
009693806
009697184
009697612
009697725
009698163
009699942
009700508
009700650
009702112
009702550
009702771
009703058
009703781
009704431
009705079
009706712
009706804
009710326
009710597
009710717
009711202
009712019
009712457
009713071
009713191
009713353
009714623
009715154
009715236
009715686
009715931
009716218
009716288
009718972
009719018
009726785
009727761
009730609
009752284
009752846
009753017
009753740
009754582
009757613
009758042
009758864
009760292
009760670
009761113
009762986
009763771
009763786
009764341
009765888
009767253
009767459
009771663
009772531
009772725
009772829
009774141
009774285
009775267
009775301
009775564
009775786
009776935
009776964
009778001
009778515
009778542
009784820
009786877
009787239
009788227
009790889
009791400
009812023
009812929
009813003
009818003
009818472
009821701
009823519
009825237
009825426
009825492
009826375
009826728
009827048
009828292
009828403
009832420
009833329
009834249
009834382
009837255
009838000
009838213
009838353
009838580
009840227
009848792
009848932
009851574
009872187
009872451
009873265
009873729
009879930
009880392
009880519
009884895
009885985
009892651
009895884
009895954
009896659
009897045
009897351
009897922
009898046
009898639
009899765
009899900
009903613
009903965
009907450
009912689
009933157
009933305
009933464
009934865
009935558
009935739
009940571
009941061
009941632
009941718
009942231
009942242
009942695
009943104
009943182
009943703
009944198
009944770
009945771
009946427
009946811
009950160
009953265
009953754
009955316
009957818
009959122
009963819
009964637
009971608
009991488
009991565
009992083
009992722
009992786
009993806
009994100
009994237
009995289
009996136
010002088
010004407
010010283
010016262
010017047
010018202
010018866
010027247
010032631
010033242
010053228
010055337
010055757
010055802
010056245
010057537
010057888
010059380
010062886
010063107
010063466
010065092
010065745
010066588
010067340
010068906
010070187
010073672
010081040
010081899
010082058
010082082
010082611
010091404
010091786
010093963
010094872
010095901
010096977
010097880
010099790
010118339
010118677
010118816
010118817
010119326
010120920
010121004
010122538
010122598
010124435
010124585
010128261
010128760
010130595
010130646
010131494
010131950
010134443
010140708
010145824
010145950
010146539
010157568
010158021
010158204
010160727
010162201
010163894
010165815
010166274
010166321
010185748
010185859
010185979
010185996
010186824
010187248
010188292
010188416
010188460
010188654
010190138
010190277
010190314
010195708
010195818
010196885
010197875
010197893
010197916
010198147
010199556
010199844
010200187
010200280
010200750
010200908
010200932
010203345
010203442
010206793
010208587
010209036
010213932
010214481
010214956
010215254
010219019
010220322
010223447
010224804
010228045
010251759
010251775
010252023
010253829
010253901
010254439
010255180
010255692
010256422
010257096
010257737
010258126
010258346
010259017
010259154
010262208
010262367
010262494
010263037
010265780
010266175
010266895
010267155
010267364
010267392
010267577
010267590
010268893
010269170
010269397
010269616
010271673
010273058
010273194
010274090
010275253
010285642
010289442
010289679
010293445
010294074
010296831
010317549
010317996
010318386
010320084
010320483
010320552
010320656
010320734
010321495
010321766
010322177
010322554
010322878
010323994
010324321
010324374
010328903
010329835
010330135
010330511
010331532
010332732
010332839
010332883
010333297
010333486
010338880
010339336
010340598
010341831
010346931
010350276
010350965
010351951
010355130
010355175
010355509
010359854
010363074
010382415
010382584
010382952
010383150
010384327
010384891
010386932
010386984
010387256
010387586
010387746
010388259
010388283
010388286
010388451
010388604
010394504
010395312
010395543
010395858
010396501
010397969
010398659
010402088
010403228
010404108
010404115
010404193
010404696
010406791
010406828
010411437
010412044
010420508
010424656
010424676
010425412
010426116
010427308
010427630
010447520
010448110
010448236
010448612
010449173
010449562
010450336
010450889
010451268
010452364
010452840
010452869
010453849
010454036
010455009
010456779
010459524
010459632
010461831
010462337
010462462
010468871
010469305
010469807
010470935
010471681
010471960
010482602
010483810
010489206
010490027
010491684
010514561
010515276
010515431
010515986
010516213
010518758
010519040
010521516
010522057
010525027
010525049
010525199
010525691
010525990
010526037
010526080
010526369
010526811
010527947
010529541
010532450
010534762
010535074
010535396
010535592
010535858
010535886
010536761
010537427
010545372
010548508
010549091
010549100
010552016
010553513
010554222
010554775
010556834
010557342
010578821
010579253
010579424
010579464
010579525
010580086
010580447
010581221
010581640
010582096
010582513
010583333
010583704
010584063
010585782
010586604
010586642
010586780
010587070
010587237
010590405
010590538
010591522
010591705
010591855
010591971
010596582
010598142
010598352
010599274
010600817
010601093
010602294
010603046
010611342
010612424
010612448
010614833
010618904
010618962
010644522
010644834
010646068
010646540
010647233
010647353
010648902
010649444
010651319
010651453
010652989
010656481
010657216
010657798
010657825
010658012
010658822
010659317
010659335
010659585
010664441
010665436
010666943
010668092
010668098
010670119
010676126
010676422
010677397
010685148
010686865
010709619
010710711
010710753
010711897
010712956
010713157
010713276
010716410
010716694
010716868
010717575
010718101
010718727
010718806
010718859
010722210
010724336
010727884
010728438
010729684
010731229
010731839
010732063
010733307
010733308
010734057
010737192
010737373
010747553
010749536
010750514
010752773
010753072
010775543
010776176
010776847
010777410
010777448
010779603
010784067
010784657
010784717
010788479
010789552
010789884
010789903
010790693
010790812
010790838
010793757
010795668
010795891
010796551
010796844
010797986
010798256
010798521
010798828
010798990
010800330
010803272
010803430
010809344
010812504
010816687
010843322
010843566
010843766
010844329
010844360
010847658
010847670
010847910
010848709
010849430
010849760
010849890
010850139
010850518
010850848
010853806
010857517
010857583
010857982
010858600
010861090
010862264
010862550
010863494
010864355
010866057
010866693
010872868
010873011
010876913
010877239
010880514
010880655
010904028
010904510
010904518
010904621
010905105
010905192
010905320
010907400
010907415
010908687
010909109
010909144
010909180
010909367
010909979
010914307
010916665
010917536
010919037
010919711
010920281
010921076
010922569
010924100
010931959
010932417
010934587
010936170
010936877
010938188
010959566
010960118
010960296
010960422
010960429
010960488
010960823
010961065
010961247
010963429
010966125
010966172
010966394
010966772
010969707
010972269
010972910
010973447
010975238
010975568
010977498
010979521
010979716
010990889
010992809
011013072
011013096
011013917
011014172
011014396
011015032
011015175
011017110
011017355
011017875
011018382
011018536
011018537
011019428
011025770
011026183
011026645
011026717
011027361
011027877
011028123
011028184
011029233
011031515
011031746
011033251
011034335
011036239
011036956
011037498
011042875
011043484
011043742
011044576
011044731
011046072
011046698
011067941
011068835
011069034
011069344
011070966
011071041
011073120
011074746
011075006
011075119
011075611
011075633
011075688
011075709
011075917
011081359
011081855
011083500
011085850
011086755
011091294
011091336
011092783
011093009
011098113
011121922
011122350
011122711
011124072
011124116
011124203
011124523
011124905
011127082
011127129
011128262
011128684
011129075
011129587
011129738
011133485
011133944
011134144
011136865
011137723
011138259
011138740
011140425
011140792
011145556
011147271
011147524
011152189
011175820
011176326
011179443
011180776
011181126
011181373
011187207
011187837
011188196
011188536
011188762
011189348
011190294
011190974
011192235
011193890
011197079
011198379
011198419
011198525
011200069
011205518
011228802
011229244
011231086
011233004
011233075
011234990
011235958
011236090
011236224
011236987
011237082
011237304
011240969
011241109
011241179
011242724
011243269
011243547
011243831
011243933
011244150
011245261
011245312
011245482
011246355
011250167
011250701
011251458
011251525
011253716
011254493
011285727
011287362
011288509
011288659
011289422
011293744
011295354
011295657
011295715
011296078
011297141
011298135
011298815
011299032
011299900
011303706
011304296
011305240
011305274
011305432
011305467
011309213
011337141
011338236
011339795
011340510
011340991
011341234
011341546
011341823
011343461
011347828
011347963
011348237
011348285
011348997
011349556
011350063
011350555
011352541
011356900
011357275
011358145
011359630
011359819
011359869
011359967
011360739
011389341
011389563
011389719
011390683
011390731
011391176
011391259
011391702
011393472
011393486
011394358
011395102
011395884
011395961
011402605
011403355
011403688
011405197
011408748
011410406
011410415
011411584
011411768
011412096
011413094
011415766
011415793
011416385
011441506
011441553
011441938
011442047
011442458
011442831
011443541
011443974
011444307
011444914
011445144
011446073
011446140
011446732
011446965
011447025
011447564
011448151
011450013
011450068
011455123
011456603
011457072
011457293
011457546
011459571
011462594
011462884
011462900
011468094
011493497
011493572
011493667
011495260
011495571
011495591
011496283
011496840
011497236
011497958
011498106
011498173
011499548
011499563
011502055
011502075
011509020
011512270
011514135
011514174
011514272
011515276
011515931
011517805
011518775
011519779
011521274
011546211
011546374
011547197
011547869
011547920
011548140
011548779
011549997
011550428
011550910
011551165
011551186
011551482
011551500
011551646
011553806
011555805
011558671
011558721
011559032
011559304
011559839
011560326
011564319
011568545
011568704
011597738
011597946
011598197
011598943
011599182
011600744
011601794
011602515
011602561
011602574
011602629
011603169
011603184
011603250
011604903
011605179
011605209
011605610
011606216
011606361
011610733
011610915
011611474
011612157
011612159
011612409
011617074
011618198
011618214
011621219
011623002
011651554
011651634
011652051
011652345
011652704
011652732
011653019
011653212
011653259
011654343
011655859
011656160
011656398
011656617
011657256
011657761
011662769
011663055
011668095
011669352
011672332
011673664
011674867
011700807
011701376
011701420
011701589
011701765
011702167
011702468
011702635
011702828
011703375
011703456
011703765
011707694
011707911
011708034
011708334
011708484
011709103
011709473
011710007
011710163
011710354
011713042
011713459
011713884
011713989
011717254
011718406
011718764
011720679
011722217
011724976
011751688
011751855
011751991
011751992
011752232
011752690
011752906
011754177
011755098
011755212
011759605
011759718
011760021
011760498
011763820
011764055
011766827
011767303
011768142
011769236
011769300
011769500
011769994
011770410
011770517
011773167
011773636
011774350
011774947
011775689
011775907
011802265
011802278
011803523
011804412
011804422
011805123
011805143
011807626
011808734
011809760
011810501
011810611
011810753
011811567
011818771
011819057
011820505
011820708
011822902
011823146
011852982
011853130
011853404
011854219
011855334
011855375
011855689
011855853
011856056
011858066
011859256
011859659
011861081
011861335
011862020
011862099
011862267
011862402
011867251
011868469
011868600
011869690
011869699
011869791
011870769
011870826
011871698
011876220
011876227
011903656
011904659
011904699
011905030
011905430
011905765
011905939
011905944
011911574
011912472
011912947
011913626
011917662
011918462
011920155
011920463
011923270
011953600
011955005
011955208
011955485
011959784
011960496
011960971
011961075
011961297
011961378
011961565
011966728
011973236
011975232
012003557
012003895
012004656
012004795
012004834
012004872
012005016
012006463
012006927
012007066
012007544
012007684
012007765
012008200
012008887
012009213
012010736
012010740
012011367
012011635
012012281
012012729
012012873
012013242
012013322
012017704
012018926
012022407
012052230
012053096
012055131
012055234
012055458
012055805
012058533
012058951
012059261
012060710
012060841
012061057
012062354
012066569
012069640
012071873
012072637
012101934
012102104
012102169
012102994
012104366
012104915
012105694
012105867
012106121
012106304
012108254
012108566
012109472
012109999
012110418
012110717
012110941
012111335
012111492
012116009
012119180
012120764
012121403
012122143
012152688
012153006
012154703
012154913
012156321
012157004
012157134
012157294
012158395
012158565
012158722
012158738
012159137
012159633
012164952
012200438
012201892
012201933
012202079
012202311
012202958
012203082
012203198
012203264
012203450
012203540
012203990
012204025
012204358
012204572
012204700
012204886
012207013
012207432
012208128
012214368
012214389
012215115
012215430
012217622
012218211
012218539
012218994
012251403
012251446
012251483
012251699
012251852
012251877
012252040
012252762
012254051
012256096
012256580
012256925
012257167
012257256
012257338
012258034
012258225
012264593
012265168
012300406
012302604
012303956
012304013
012304526
012305237
012305742
012306384
012306797
012306931
012307377
012314163
012314646
012315367
012316440
012316768
012350839
012350962
012351607
012352520
012352923
012353946
012354053
012356051
012356405
012356489
012356535
012356588
012357078
012365719
012366450
012366989
012400394
012400606
012400701
012402078
012402770
012403318
012405321
012405814
012407248
012407342
012418737
012453413
012453592
012453624
012454007
012456136
012456401
012456781
012458323
012459760
012470124
012470376
012504422
012505044
012505054
012505250
012505701
012505793
012506640
012506985
012507882
012508767
012509131
012552699
012552869
012556374
012598711
012598901
012599405
012599416
012599700
012600640
012601704
012601861
012643996
012644712
012645687
012646508
012646841
012688403
012688834
012689068
012689927
012689979
012690123
012691684
012734617
012735296
012735664
012735805
012736483
012736891
012784183
012785453
012834301
012835232
012934814
